ShowFPS: 1
vsync: 1
maxFps: 0.321853
PlayerSpeed: 0.0956703
MouseSensibility: 0.0486192
Front: 87
Back: 83
Up: 32
Down: 340
Left: 65
Right: 68
RenderDistance: 1
