ShowFPS: 1
vsync: 1
maxFps: 0.282591
PlayerSpeed: 0.0454545
MouseSensibility: 0.0426883
Front: 87
Back: 83
Up: 32
Down: 340
Left: 65
Right: 68
RenderDistance: 1
